subject	block	calibration_no	datapoint	time	x	y	cx	cy	distance	calibration_count
1	1	20	1	139784	169	288	183	118	170	20
1	1	20	2	139817	162	347	183	118	229	20
1	1	20	3	139848	207	340	183	118	223	20
1	1	20	4	139883	168	266	183	118	148	20
1	1	20	5	139912	126	262	183	118	154	20
1	1	20	6	139942	168	288	183	118	170	20
1	1	20	7	139972	126	278	183	118	169	20
1	1	20	8	140002	189	305	183	118	187	20
1	1	20	9	140033	125	389	183	118	277	20
1	1	20	10	140066	231	311	183	118	198	20
1	1	20	11	140095	230	276	183	118	164	20
1	1	20	12	140125	60	-83	183	118	235	20
1	1	20	13	140156	75	-47	183	118	197	20
1	1	20	14	140192	131	-62	183	118	187	20
1	1	20	15	140219	49	312	183	118	235	20
1	1	20	16	140249	146	250	183	118	137	20
1	1	20	17	140280	-240	-776	183	118	989	20
1	1	20	18	140308	61	-198	183	118	338	20
1	1	20	19	140337	-27	-453	183	118	608	20
1	1	20	20	140365	21	-389	183	118	532	20
1	1	20	21	140396	-215	-880	183	118	1074	20
1	1	20	22	140424	165	210	183	118	93	20
1	1	20	23	140452	115	-126	183	118	253	20
1	1	20	24	140480	149	-55	183	118	176	20
1	1	20	25	140512	-109	-441	183	118	630	20
1	1	20	26	140539	-73	-393	183	118	571	20
1	1	20	27	140582	147	63	183	118	65	19
1	1	20	28	140611	147	99	183	118	40	19
1	1	20	29	140643	111	226	183	118	129	19
1	1	20	30	140673	96	96	183	118	89	19
1	1	20	31	140703	124	178	183	118	84	19
1	1	20	32	140745	73	190	183	118	131	18
1	1	20	33	140775	106	190	183	118	105	18
1	1	20	34	140805	158	145	183	118	36	18
1	1	20	35	140834	87	87	183	118	100	18
1	1	20	36	140864	148	211	183	118	99	18
1	1	20	37	140907	108	104	183	118	76	17
1	1	20	38	140935	147	219	183	118	107	17
1	1	20	39	140965	118	151	183	118	72	17
1	1	20	40	140995	125	226	183	118	122	17
1	1	20	41	141025	38	109	183	118	145	17
1	1	20	42	141065	99	239	183	118	147	16
1	1	20	43	141096	126	126	183	118	57	16
1	1	20	44	141123	196	176	183	118	59	16
1	1	20	45	141153	196	176	183	118	59	16
1	1	20	46	141181	166	134	183	118	23	16
1	1	20	47	141224	129	130	183	118	55	15
1	1	20	48	141252	124	47	183	118	92	15
1	1	20	49	141282	124	47	183	118	92	15
1	1	20	50	141312	176	156	183	118	38	15
1	1	20	51	141343	96	25	183	118	127	15
1	1	20	52	141385	267	112	183	118	84	14
1	1	20	53	141415	233	153	183	118	61	14
1	1	20	54	141443	241	203	183	118	102	14
1	1	20	55	141473	241	203	183	118	102	14
1	1	20	56	141502	167	217	183	118	100	14
1	1	20	57	141543	146	21	183	118	103	13
1	1	20	58	141573	171	143	183	118	27	13
1	1	20	59	141603	171	143	183	118	27	13
1	1	20	60	141635	184	157	183	118	39	13
1	1	20	61	141665	170	173	183	118	56	13
1	1	20	62	141707	167	143	183	118	29	12
1	1	20	63	141736	167	143	183	118	29	12
1	1	20	64	141765	148	173	183	118	65	12
1	1	20	65	141798	179	93	183	118	25	12
1	1	20	66	141826	167	131	183	118	20	12
1	1	20	67	141868	179	103	183	118	15	11
1	1	20	68	141899	103	71	183	118	92	11
1	1	20	69	141928	139	99	183	118	47	11
1	1	20	70	141957	108	95	183	118	78	11
1	1	20	71	141987	150	105	183	118	35	11
1	1	20	72	142028	151	45	183	118	79	10
1	1	20	73	142058	106	98	183	118	79	10
1	1	20	74	142090	190	69	183	118	49	10
1	1	20	75	142119	99	55	183	118	105	10
1	1	20	76	142149	92	62	183	118	106	10
1	1	20	77	142194	140	65	183	118	68	9
1	1	20	78	142224	119	111	183	118	64	9
1	1	20	79	142252	139	161	183	118	61	9
1	1	20	80	142283	175	65	183	118	53	9
1	1	20	81	142314	178	121	183	118	5	9
1	1	20	82	142354	206	159	183	118	47	8
1	1	20	83	142384	181	152	183	118	34	8
1	1	20	84	142412	164	136	183	118	26	8
1	1	20	85	142442	194	71	183	118	48	8
1	1	20	86	142469	147	84	183	118	49	8
1	1	20	87	142513	125	115	183	118	58	7
1	1	20	88	142542	211	52	183	118	71	7
1	1	20	89	142572	169	99	183	118	23	7
1	1	20	90	142602	204	119	183	118	21	7
1	1	20	91	142633	176	133	183	118	16	7
1	1	20	92	142675	142	87	183	118	51	6
1	1	20	93	142707	172	81	183	118	38	6
1	1	20	94	142755	274	114	183	118	91	6
1	1	20	95	142785	121	128	183	118	62	6
1	1	20	96	142830	165	132	183	118	22	5
1	1	20	97	142861	165	132	183	118	22	5
1	1	20	98	142891	193	58	183	118	60	5
1	1	20	99	142919	87	137	183	118	97	5
1	1	20	100	142952	184	70	183	118	48	5
1	1	20	101	142992	181	118	183	118	2	4
1	1	20	102	143026	238	137	183	118	58	4
1	1	20	103	143055	187	264	183	118	146	4
1	1	20	104	143089	179	99	183	118	19	4
1	1	20	105	143119	148	173	183	118	65	4
1	1	20	106	143164	103	222	183	118	131	3
1	1	20	107	143196	-16	80	183	118	202	3
1	1	20	108	143227	212	119	183	118	29	3
1	1	20	109	143257	208	91	183	118	36	3
1	1	20	110	143288	160	97	183	118	31	3
1	1	20	111	143330	205	115	183	118	22	2
1	1	20	112	143361	142	151	183	118	52	2
1	1	20	113	143393	185	51	183	118	67	2
1	1	20	114	143422	185	51	183	118	67	2
1	1	20	115	143453	129	139	183	118	57	2
1	1	20	116	143497	167	162	183	118	46	1
1	1	20	117	143528	164	118	183	118	19	1
1	1	20	118	143556	102	119	183	118	81	1
1	1	20	119	143587	201	173	183	118	57	1
1	1	20	120	143617	241	144	183	118	63	1
