subject	block	calibration_no	datapoint	time	x	y	cx	cy	distance	calibration_count
1	1	4	1	81577	520	125	810	335	358	20
1	1	4	2	81593	520	125	810	335	358	20
1	1	4	3	81608	530	132	810	335	345	20
1	1	4	4	81624	498	128	810	335	374	20
1	1	4	5	81643	425	115	810	335	443	20
1	1	4	6	81664	474	89	810	335	416	20
1	1	4	7	81683	537	112	810	335	352	20
1	1	4	8	81699	516	156	810	335	344	20
1	1	4	9	81713	468	99	810	335	415	20
1	1	4	10	81729	468	99	810	335	415	20
1	1	4	11	81743	445	103	810	335	432	20
1	1	4	12	81759	445	103	810	335	432	20
1	1	4	13	81777	474	101	810	335	409	20
1	1	4	14	81792	474	101	810	335	409	20
1	1	4	15	81806	402	139	810	335	452	20
1	1	4	16	81822	453	98	810	335	428	20
1	1	4	17	81839	492	274	810	335	323	20
1	1	4	18	81854	529	182	810	335	319	20
1	1	4	19	81869	559	289	810	335	255	20
1	1	4	20	81884	559	289	810	335	255	20
1	1	4	21	81900	562	233	810	335	268	20
1	1	4	22	81917	562	233	810	335	268	20
1	1	4	23	81932	546	178	810	335	307	20
1	1	4	24	81948	546	178	810	335	307	20
1	1	4	25	81965	535	232	810	335	293	20
1	1	4	26	81981	535	232	810	335	293	20
1	1	4	27	81998	563	216	810	335	274	20
1	1	4	28	82016	563	216	810	335	274	20
1	1	4	29	82030	615	264	810	335	207	20
1	1	4	30	82048	530	285	810	335	284	20
1	1	4	31	82071	530	285	810	335	284	20
1	1	4	32	82086	591	216	810	335	249	20
1	1	4	33	82101	565	190	810	335	284	20
1	1	4	34	82117	565	190	810	335	284	20
1	1	4	35	82133	565	190	810	335	284	20
1	1	4	36	82149	473	212	810	335	358	20
1	1	4	37	82167	555	210	810	335	283	20
1	1	4	38	82184	529	221	810	335	303	20
1	1	4	39	82198	554	214	810	335	283	20
1	1	4	40	82215	473	195	810	335	364	20
1	1	4	41	82231	534	231	810	335	294	20
1	1	4	42	82248	534	231	810	335	294	20
1	1	4	43	82265	493	228	810	335	334	20
1	1	4	44	82281	493	228	810	335	334	20
1	1	4	45	82297	493	159	810	335	362	20
1	1	4	46	82315	493	159	810	335	362	20
1	1	4	47	82341	809	334	810	335	1	19
1	1	4	48	82361	756	282	810	335	75	19
1	1	4	49	82377	720	245	810	335	127	19
1	1	4	50	82393	735	296	810	335	84	19
1	1	4	51	82409	734	286	810	335	90	19
1	1	4	52	82423	769	319	810	335	44	19
1	1	4	53	82440	732	328	810	335	78	19
1	1	4	54	82456	758	370	810	335	62	19
1	1	4	55	82484	791	305	810	335	35	18
1	1	4	56	82501	731	283	810	335	94	18
1	1	4	57	82518	731	283	810	335	94	18
1	1	4	58	82533	756	321	810	335	55	18
1	1	4	59	82551	759	381	810	335	68	18
1	1	4	60	82567	759	381	810	335	68	18
1	1	4	61	82582	804	403	810	335	68	18
1	1	4	62	82611	809	334	810	335	1	17
1	1	4	63	82629	809	334	810	335	1	17
1	1	4	64	82646	789	301	810	335	39	17
1	1	4	65	82661	800	345	810	335	14	17
1	1	4	66	82677	800	345	810	335	14	17
1	1	4	67	82693	800	345	810	335	14	17
1	1	4	68	82708	866	362	810	335	62	17
1	1	4	69	82736	817	353	810	335	19	16
1	1	4	70	82752	819	347	810	335	15	16
1	1	4	71	82768	789	358	810	335	31	16
1	1	4	72	82784	826	350	810	335	21	16
1	1	4	73	82799	859	318	810	335	51	16
1	1	4	74	82815	863	322	810	335	54	16
1	1	4	75	82832	841	393	810	335	65	16
1	1	4	76	82858	705	256	810	335	131	15
1	1	4	77	82876	705	256	810	335	131	15
1	1	4	78	82891	708	274	810	335	118	15
1	1	4	79	82908	708	274	810	335	118	15
1	1	4	80	82924	697	269	810	335	130	15
1	1	4	81	82938	697	269	810	335	130	15
1	1	4	82	82953	656	230	810	335	186	15
1	1	4	83	82970	656	230	810	335	186	15
1	1	4	84	82998	809	335	810	335	1	14
1	1	4	85	83018	783	323	810	335	29	14
1	1	4	86	83035	840	389	810	335	61	14
1	1	4	87	83053	866	357	810	335	60	14
1	1	4	88	83073	866	357	810	335	60	14
1	1	4	89	83088	766	321	810	335	46	14
1	1	4	90	83103	766	321	810	335	46	14
1	1	4	91	83131	810	335	810	335	0	13
1	1	4	92	83147	854	365	810	335	53	13
1	1	4	93	83162	854	365	810	335	53	13
1	1	4	94	83176	854	365	810	335	53	13
1	1	4	95	83191	848	397	810	335	72	13
1	1	4	96	83208	848	397	810	335	72	13
1	1	4	97	83223	711	259	810	335	124	13
1	1	4	98	83237	862	341	810	335	52	13
1	1	4	99	83267	809	334	810	335	1	12
1	1	4	100	83285	809	334	810	335	1	12
1	1	4	101	83303	692	247	810	335	147	12
1	1	4	102	83317	703	235	810	335	146	12
1	1	4	103	83333	703	235	810	335	146	12
1	1	4	104	83354	882	356	810	335	75	12
1	1	4	105	83371	718	262	810	335	117	12
1	1	4	106	83401	757	212	810	335	133	11
1	1	4	107	83418	607	77	810	335	328	11
1	1	4	108	83433	637	98	810	335	293	11
1	1	4	109	83450	759	182	810	335	161	11
1	1	4	110	83466	699	180	810	335	190	11
1	1	4	111	83481	773	314	810	335	42	11
1	1	4	112	83510	826	347	810	335	20	10
1	1	4	113	83526	604	186	810	335	254	10
1	1	4	114	83545	649	179	810	335	224	10
1	1	4	115	83562	649	179	810	335	224	10
1	1	4	116	83577	711	209	810	335	160	10
1	1	4	117	83595	742	238	810	335	118	10
1	1	4	118	83611	868	271	810	335	86	10
1	1	4	119	83658	810	334	810	335	1	9
1	1	4	120	83676	738	252	810	335	109	9
1	1	4	121	83691	738	252	810	335	109	9
1	1	4	122	83708	830	439	810	335	105	9
1	1	4	123	83723	830	439	810	335	105	9
1	1	4	124	83738	900	450	810	335	146	9
1	1	4	125	83767	742	260	810	335	101	8
1	1	4	126	83785	790	289	810	335	50	8
1	1	4	127	83802	847	317	810	335	41	8
1	1	4	128	83817	755	363	810	335	61	8
1	1	4	129	83833	761	305	810	335	57	8
1	1	4	130	83850	509	152	810	335	352	8
1	1	4	131	83866	509	152	810	335	352	8
1	1	4	132	83896	809	334	810	335	1	7
1	1	4	133	83913	788	346	810	335	24	7
1	1	4	134	83928	788	346	810	335	24	7
1	1	4	135	83944	800	329	810	335	11	7
1	1	4	136	83958	800	329	810	335	11	7
1	1	4	137	83975	767	283	810	335	67	7
1	1	4	138	83991	767	283	810	335	67	7
1	1	4	139	84018	809	334	810	335	1	6
1	1	4	140	84036	809	334	810	335	1	6
1	1	4	141	84052	879	390	810	335	88	6
1	1	4	142	84067	879	390	810	335	88	6
