subject	block	calibration_no	datapoint	time	x	y	cx	cy	distance	calibration_count
1	1	6	1	88179	1031	675	810	118	599	20
1	1	6	2	88199	992	655	810	118	567	20
1	1	6	3	88215	983	520	810	118	437	20
1	1	6	4	88234	983	520	810	118	437	20
1	1	6	5	88253	783	712	810	118	594	20
1	1	6	6	88275	783	712	810	118	594	20
1	1	6	7	88294	696	576	810	118	471	20
1	1	6	8	88309	701	501	810	118	398	20
1	1	6	9	88327	862	617	810	118	501	20
1	1	6	10	88347	862	617	810	118	501	20
1	1	6	11	88369	866	508	810	118	394	20
1	1	6	12	88386	866	508	810	118	394	20
1	1	6	13	88403	885	463	810	118	353	20
1	1	6	14	88419	926	599	810	118	494	20
1	1	6	15	88436	915	642	810	118	534	20
1	1	6	16	88457	1012	406	810	118	351	20
1	1	6	17	88473	831	397	810	118	279	20
1	1	6	18	88489	909	332	810	118	235	20
1	1	6	19	88506	879	237	810	118	137	20
1	1	6	20	88523	696	208	810	118	145	20
1	1	6	21	88540	679	226	810	118	169	20
1	1	6	22	88561	583	199	810	118	241	20
1	1	6	23	88583	705	226	810	118	150	20
1	1	6	24	88600	800	356	810	118	238	20
1	1	6	25	88619	926	372	810	118	279	20
1	1	6	26	88638	907	469	810	118	364	20
1	1	6	27	88653	830	268	810	118	151	20
1	1	6	28	88671	929	262	810	118	186	20
1	1	6	29	88689	698	365	810	118	271	20
1	1	6	30	88706	698	365	810	118	271	20
1	1	6	31	88723	678	236	810	118	177	20
1	1	6	32	88740	605	193	810	118	218	20
1	1	6	33	88757	855	283	810	118	171	20
1	1	6	34	88775	855	283	810	118	171	20
1	1	6	35	88792	803	196	810	118	78	20
1	1	6	36	88809	788	138	810	118	29	20
1	1	6	37	88827	788	138	810	118	29	20
1	1	6	38	88843	903	382	810	118	279	20
1	1	6	39	88860	837	207	810	118	93	20
1	1	6	40	88878	837	207	810	118	93	20
1	1	6	41	88894	971	366	810	118	295	20
1	1	6	42	88909	715	333	810	118	235	20
1	1	6	43	88927	691	146	810	118	122	20
1	1	6	44	88956	699	285	810	118	200	19
1	1	6	45	88974	699	285	810	118	200	19
1	1	6	46	88991	910	326	810	118	230	19
1	1	6	47	89011	910	326	810	118	230	19
1	1	6	48	89031	861	217	810	118	111	19
1	1	6	49	89050	758	199	810	118	96	19
1	1	6	50	89068	758	199	810	118	96	19
1	1	6	51	89102	809	118	810	118	1	18
1	1	6	52	89122	918	250	810	118	170	18
1	1	6	53	89141	834	87	810	118	39	18
1	1	6	54	89157	844	135	810	118	38	18
1	1	6	55	89175	953	252	810	118	195	18
1	1	6	56	89198	861	49	810	118	85	18
1	1	6	57	89215	878	446	810	118	334	18
1	1	6	58	89245	849	62	810	118	68	17
1	1	6	59	89263	849	62	810	118	68	17
1	1	6	60	89279	596	-13	810	118	250	17
1	1	6	61	89297	809	289	810	118	171	17
1	1	6	62	89313	865	127	810	118	55	17
1	1	6	63	89328	865	127	810	118	55	17
1	1	6	64	89354	882	30	810	118	113	17
1	1	6	65	89385	809	117	810	118	1	16
1	1	6	66	89404	801	114	810	118	9	16
1	1	6	67	89421	801	114	810	118	9	16
1	1	6	68	89438	801	114	810	118	9	16
1	1	6	69	89456	813	191	810	118	73	16
1	1	6	70	89472	584	-121	810	118	328	16
1	1	6	71	89488	908	10	810	118	145	16
1	1	6	72	89518	797	207	810	118	89	15
1	1	6	73	89535	592	75	810	118	222	15
1	1	6	74	89554	578	-176	810	118	374	15
1	1	6	75	89594	578	-176	810	118	374	15
1	1	6	76	89610	536	-167	810	118	395	15
1	1	6	77	89629	536	-167	810	118	395	15
1	1	6	78	89660	903	149	810	118	98	14
1	1	6	79	89680	861	229	810	118	122	14
1	1	6	80	89697	861	229	810	118	122	14
1	1	6	81	89714	873	15	810	118	120	14
1	1	6	82	89732	873	15	810	118	120	14
1	1	6	83	89750	700	150	810	118	114	14
1	1	6	84	89766	811	194	810	118	76	14
1	1	6	85	89797	809	118	810	118	1	13
1	1	6	86	89816	789	245	810	118	128	13
1	1	6	87	89837	910	171	810	118	113	13
1	1	6	88	89856	910	171	810	118	113	13
1	1	6	89	89876	873	346	810	118	236	13
1	1	6	90	89896	873	346	810	118	236	13
1	1	6	91	89912	692	41	810	118	140	13
1	1	6	92	89943	809	117	810	118	1	12
1	1	6	93	89960	447	-183	810	118	471	12
1	1	6	94	89976	447	-183	810	118	471	12
1	1	6	95	89995	447	-183	810	118	471	12
1	1	6	96	90012	878	94	810	118	72	12
1	1	6	97	90029	808	-395	810	118	513	12
1	1	6	98	90046	704	-410	810	118	538	12
1	1	6	99	90081	857	359	810	118	245	11
1	1	6	100	90100	857	359	810	118	245	11
1	1	6	101	90116	1074	-419	810	118	598	11
1	1	6	102	90134	1085	35	810	118	287	11
1	1	6	103	90154	324	-374	810	118	691	11
1	1	6	104	90172	646	-217	810	118	372	11
1	1	6	105	90189	785	-11	810	118	131	11
1	1	6	106	90221	661	22	810	118	177	10
1	1	6	107	90238	682	155	810	118	133	10
1	1	6	108	90257	682	155	810	118	133	10
1	1	6	109	90273	560	-301	810	118	487	10
1	1	6	110	90290	560	-301	810	118	487	10
1	1	6	111	90312	619	457	810	118	389	10
1	1	6	112	90329	523	26	810	118	301	10
1	1	6	113	90365	4352	-4520	810	118	5835	9
1	1	6	114	90386	4352	-4520	810	118	5835	9
1	1	6	115	90403	-1063	3344	810	118	3730	9
1	1	6	116	90421	-1063	3344	810	118	3730	9
1	1	6	117	90440	-222	1646	810	118	1843	9
1	1	6	118	90456	2837	-2057	810	118	2973	9
1	1	6	119	90473	2837	-2057	810	118	2973	9
1	1	6	120	90501	808	119	810	118	2	8
1	1	6	121	90524	1636	1908	810	118	1971	8
1	1	6	122	90540	1636	1908	810	118	1971	8
1	1	6	123	90557	191	-1869	810	118	2081	8
1	1	6	124	90575	191	-1869	810	118	2081	8
1	1	6	125	90593	191	-1869	810	118	2081	8
1	1	6	126	90610	509	-652	810	118	826	8
1	1	6	127	90641	1035	18	810	118	246	7
1	1	6	128	90660	1035	18	810	118	246	7
1	1	6	129	90679	832	186	810	118	71	7
1	1	6	130	90695	741	-126	810	118	253	7
1	1	6	131	90712	741	-126	810	118	253	7
1	1	6	132	90731	749	-589	810	118	709	7
1	1	6	133	90753	749	-589	810	118	709	7
1	1	6	134	90785	815	121	810	118	5	6
1	1	6	135	90802	788	-259	810	118	377	6
1	1	6	136	90819	788	-259	810	118	377	6
1	1	6	137	90838	638	-357	810	118	505	6
1	1	6	138	90857	828	-154	810	118	272	6
1	1	6	139	90873	828	-154	810	118	272	6
1	1	6	140	90891	863	-240	810	118	361	6
1	1	6	141	90920	1115	304	810	118	357	5
1	1	6	142	90940	1569	438	810	118	823	5
