subject	block	calibration_no	datapoint	time	x	y	cx	cy	distance	calibration_count
1	1	14	1	116269	726	370	810	552	200	20
1	1	14	2	116297	553	495	810	552	263	20
1	1	14	3	116323	585	485	810	552	234	20
1	1	14	4	116347	585	485	810	552	234	20
1	1	14	5	116374	668	459	810	552	169	20
1	1	14	6	116398	724	448	810	552	134	20
1	1	14	7	116429	755	470	810	552	98	20
1	1	14	8	116464	759	399	810	552	161	20
1	1	14	9	116487	731	488	810	552	101	20
1	1	14	10	116509	659	467	810	552	173	20
1	1	14	11	116533	659	467	810	552	173	20
1	1	14	12	116558	697	525	810	552	116	20
1	1	14	13	116581	538	466	810	552	285	20
1	1	14	14	116604	682	509	810	552	135	20
1	1	14	15	116628	454	597	810	552	358	20
1	1	14	16	116653	804	531	810	552	21	20
1	1	14	17	116675	824	391	810	552	161	20
1	1	14	18	116700	819	301	810	552	251	20
1	1	14	19	116722	904	327	810	552	243	20
1	1	14	20	116745	882	205	810	552	354	20
1	1	14	21	116768	874	88	810	552	468	20
1	1	14	22	116791	826	210	810	552	342	20
1	1	14	23	116814	581	39	810	552	561	20
1	1	14	24	116839	581	39	810	552	561	20
1	1	14	25	116863	651	-13	810	552	586	20
1	1	14	26	116887	633	41	810	552	540	20
1	1	14	27	116910	766	92	810	552	462	20
1	1	14	28	116933	701	254	810	552	317	20
1	1	14	29	116956	813	326	810	552	226	20
1	1	14	30	116979	686	469	810	552	149	20
1	1	14	31	117003	686	469	810	552	149	20
1	1	14	32	117025	724	448	810	552	134	20
1	1	14	33	117060	807	525	810	552	27	19
1	1	14	34	117236	441	329	810	552	431	19
1	1	14	35	117265	363	252	810	552	538	19
1	1	14	36	117299	703	546	810	552	107	18
1	1	14	37	117323	683	599	810	552	135	18
1	1	14	38	117346	601	669	810	552	239	18
1	1	14	39	117375	692	557	810	552	118	18
1	1	14	40	117402	692	557	810	552	118	18
1	1	14	41	117439	760	580	810	552	57	17
1	1	14	42	117464	711	561	810	552	99	17
1	1	14	43	117488	727	574	810	552	85	17
1	1	14	44	117513	751	567	810	552	60	17
1	1	14	45	117536	842	582	810	552	43	17
1	1	14	46	117560	768	595	810	552	60	17
1	1	14	47	117596	729	493	810	552	100	16
1	1	14	48	117622	729	493	810	552	100	16
1	1	14	49	117656	777	510	810	552	53	16
1	1	14	50	117688	593	584	810	552	219	16
1	1	14	51	117714	670	516	810	552	144	16
1	1	14	52	117755	793	535	810	552	24	15
1	1	14	53	117787	730	632	810	552	113	15
1	1	14	54	117817	829	594	810	552	46	15
1	1	14	55	117842	756	541	810	552	55	15
1	1	14	56	117871	816	664	810	552	112	15
1	1	14	57	117910	686	661	810	552	165	14
1	1	14	58	117938	730	628	810	552	110	14
1	1	14	59	117966	699	590	810	552	117	14
1	1	14	60	117994	767	535	810	552	46	14
1	1	14	61	118021	735	639	810	552	114	14
1	1	14	62	118059	756	575	810	552	58	13
1	1	14	63	118084	803	588	810	552	36	13
1	1	14	64	118108	756	558	810	552	54	13
1	1	14	65	118133	674	623	810	552	153	13
1	1	14	66	118157	706	591	810	552	111	13
1	1	14	67	118353	566	452	810	552	263	12
1	1	14	68	118390	664	363	810	552	238	12
1	1	14	69	118432	817	426	810	552	126	11
1	1	14	70	118467	720	517	810	552	96	11
1	1	14	71	118496	712	508	810	552	107	11
1	1	14	72	118522	763	487	810	552	80	11
1	1	14	73	118552	780	548	810	552	30	11
1	1	14	74	118597	849	487	810	552	75	10
1	1	14	75	118631	832	529	810	552	31	10
1	1	14	76	118659	810	612	810	552	60	10
1	1	14	77	118688	810	612	810	552	60	10
1	1	14	78	118717	807	663	810	552	111	10
1	1	14	79	118753	802	590	810	552	38	9
1	1	14	80	118779	802	590	810	552	38	9
1	1	14	81	118802	824	582	810	552	33	9
1	1	14	82	118827	767	601	810	552	65	9
1	1	14	83	118851	792	533	810	552	26	9
1	1	14	84	118888	725	593	810	552	94	8
1	1	14	85	118914	781	551	810	552	29	8
1	1	14	86	118938	781	551	810	552	29	8
1	1	14	87	118965	693	542	810	552	117	8
1	1	14	88	118990	748	505	810	552	77	8
1	1	14	89	119032	789	531	810	552	29	7
1	1	14	90	119058	767	486	810	552	78	7
1	1	14	91	119084	767	486	810	552	78	7
1	1	14	92	119109	785	523	810	552	38	7
1	1	14	93	119136	769	565	810	552	43	7
1	1	14	94	119171	786	528	810	552	33	6
1	1	14	95	119201	790	526	810	552	32	6
1	1	14	96	119225	812	559	810	552	7	6
1	1	14	97	119248	795	523	810	552	32	6
1	1	14	98	119275	774	603	810	552	62	6
1	1	14	99	119310	811	552	810	552	1	5
1	1	14	100	119482	605	447	810	552	230	5
1	1	14	101	119508	712	380	810	552	197	5
1	1	14	102	119550	806	467	810	552	85	4
1	1	14	103	119576	760	462	810	552	102	4
1	1	14	104	119603	739	468	810	552	109	4
1	1	14	105	119627	727	530	810	552	85	4
1	1	14	106	119652	731	568	810	552	80	4
1	1	14	107	119689	813	565	810	552	13	3
1	1	14	108	119735	790	536	810	552	25	3
1	1	14	109	119759	827	546	810	552	18	3
1	1	14	110	119784	803	525	810	552	27	3
1	1	14	111	119811	801	551	810	552	9	3
1	1	14	112	119851	815	528	810	552	24	2
1	1	14	113	119875	793	498	810	552	56	2
1	1	14	114	119905	793	498	810	552	56	2
1	1	14	115	119929	790	569	810	552	26	2
1	1	14	116	119953	724	574	810	552	88	2
1	1	14	117	119993	796	600	810	552	50	1
1	1	14	118	120020	877	540	810	552	68	1
1	1	14	119	120046	852	580	810	552	50	1
1	1	14	120	120069	756	596	810	552	69	1
1	1	14	121	120096	756	596	810	552	69	1
